0.04685435816645622
0.004330728203058243
0.008445784449577332
-0.18094728887081146
0.08435532450675964
0.04919488728046417
-0.10385816544294357
-0.11830785125494003
0.024744005873799324
-0.056303881108760834
-0.10615639388561249
0.11913745105266571
-0.0020023060496896505
0.10968302190303802
0.17401473224163055
-0.006656414829194546
-0.1700485646724701
0.021406568586826324
-0.18478552997112274
0.014667767100036144
-0.12777458131313324
0.06135210394859314
0.013463222421705723
0.0034403856843709946
-0.19011060893535614
-0.00069481844548136
-0.15135793387889862
0.014474730007350445
0.044465817511081696
-0.00766152935102582
-0.22768087685108185
0.05357886105775833
