0.61285174 -0.21400394
-0.48981592 0.63291097
-0.18791969 -0.1895953
-0.40203792 0.40533692
-0.27940693 -0.24972202
0.5330144 -0.11431643
-0.34800532 0.2710896
-0.66205204 0.052158188
-0.1500445 -0.45876464
-0.40303352 0.43906885
0.25802547 -0.52810526
-0.40360427 -0.10560182
-0.3590701 0.6154204
0.48108694 -0.4143374
-0.3676059 0.43952873
-0.26658407 0.58094376
0.20204563 -0.5713932
-0.2758517 0.14659213
-0.2355814 0.36139643
0.08213094 -0.38541448
0.8908545 -0.59407705
-0.503009 0.5479448
-0.18397671 0.38655436
-0.7111834 0.2347263
0.041863296 -0.38156143
0.2211353 0.45624036
-0.50936806 0.062680565
-0.09306475 0.20347224
0.18586886 -0.3051186
-0.14995794 0.7534252
0.40054664 -0.47688946
-0.5439698 0.51864505

