0.02413533255457878
0.011307372711598873
-0.015963466838002205
-0.015823600813746452
-0.01870867796242237
0.004091249778866768
-0.002450845669955015
0.01934974640607834
0.026021683588624
-0.0001166472356999293
0.01364145241677761
0.003230048343539238
0.01087145321071148
0.01900918409228325
-0.00757420202717185
0.001627154997549951
-0.021246695891022682
-0.00801229476928711
-0.009090791456401348
-0.008923300541937351
0.017224879935383797
0.03669288009405136
-0.018848318606615067
-0.004256133921444416
-0.015491416677832603
-0.004250818397849798
0.002698168158531189
-0.006486165337264538
0.03311366215348244
0.02323778346180916
-0.03244677931070328
-0.023838050663471222
